0 0 0 0 0 0 0 0 0 0 0 0 0 0 0 0 0 0 0 0 0 0 0 0 0 0 0 0 0 0 0 0 0 0 0 0 0 0 0 0 0 0 0 0 0 0 0 0 0 0 
0 0 0 0 0 0 0 0 0 0 0 0 0 0 0 0 0 0 0 0 0 0 0 0 0 0 0 0 0 0 0 0 0 0 0 0 0 0 0 0 0 0 0 0 0 0 0 0 0 0 
0 0 0 0 0 0 0 0 0 0 0 0 0 0 0 0 0 0 0 0 0 0 0 0 0 0 0 0 0 0 0 0 0 0 0 0 0 0 0 0 0 0 0 0 0 0 0 0 0 0 
0 0 0 0 0 0 0 0 0 0 0 0 0 0 0 0 0 0 0 0 0 0 0 0 0 0 0 0 0 0 0 0 0 0 0 0 0 0 0 0 0 0 0 0 0 0 0 0 0 0 
0 0 0 0 0 0 0 0 0 0 0 0 0 0 0 0 0 0 0 0 0 0 0 0 0 0 0 0 0 0 0 0 0 0 0 0 0 0 0 0 0 0 0 0 0 0 0 0 0 0 
0 0 0 0 0 0 0 0 0 0 0 0 0 0 0 0 0 0 0 0 0 0 0 0 0 0 0 0 0 0 0 0 0 0 0 0 0 0 0 0 0 0 0 0 0 0 0 0 0 0 
0 0 0 0 0 0 0 0 0 0 0 0 0 0 0 0 0 0 0 0 0 0 0 0 0 0 0 0 0 0 0 0 0 0 0 0 0 0 0 0 0 0 0 0 0 0 0 0 0 0 
0 0 0 0 0 0 0 0 0 0 0 0 0 0 0 0 0 0 0 0 0 0 0 0 0 0 0 0 0 0 0 0 0 0 0 0 0 0 0 0 0 0 0 0 0 0 0 0 0 0 
0 0 0 0 0 0 0 0 0 0 0 0 0 0 0 0 0 0 0 0 0 0 0 0 0 0 0 0 0 0 0 0 0 0 0 0 0 0 0 0 0 0 0 0 0 0 0 0 0 0 
0 0 0 0 0 0 0 0 0 0 0 0 0 0 0 0 0 0 0 0 0 0 0 0 0 0 0 0 0 0 0 0 0 0 0 0 0 0 0 0 0 0 0 0 0 0 0 0 0 0 
0 0 0 0 0 0 0 0 0 0 0 0 0 0 0 0 0 0 0 0 0 0 0 0 0 0 0 0 0 0 0 0 0 0 0 0 0 0 0 0 0 0 0 0 0 0 0 0 0 0 
0 0 0 0 0 0 0 0 0 0 0 0 0 0 0 0 0 0 0 0 0 0 0 0 0 0 0 0 0 0 0 0 0 0 0 0 0 0 0 0 0 0 0 0 0 0 0 0 0 0 
0 0 0 0 0 0 0 0 0 0 0 0 0 0 0 0 0 0 0 0 0 0 0 0 0 0 0 0 0 0 0 0 0 0 0 0 0 0 0 0 0 0 0 0 0 0 0 0 0 0 
0 0 0 0 0 0 0 0 0 0 0 0 0 0 0 0 0 0 0 0 0 0 0 0 0 0 0 0 0 0 0 0 0 0 0 0 0 0 0 0 0 0 0 0 0 0 0 0 0 0 
0 0 0 0 0 0 0 0 0 0 0 0 0 0 0 0 0 0 0 0 0 0 0 0 0 0 0 0 0 0 0 0 0 0 0 0 0 0 0 0 0 0 0 0 0 0 0 0 0 0 
0 0 0 0 0 0 0 0 0 0 0 0 0 0 0 0 0 0 0 0 0 0 0 0 0 0 0 0 0 0 0 0 0 0 0 0 0 0 0 0 0 0 0 0 0 0 0 0 0 0 
0 0 0 0 0 0 0 0 0 0 0 0 0 0 0 0 0 0 0 0 0 0 0 0 0 0 0 0 0 0 0 0 0 0 0 0 0 0 0 0 0 0 0 0 0 0 0 0 0 0 
0 0 0 0 0 0 0 0 0 0 0 0 0 0 0 0 0 0 0 0 0 0 0 0 0 0 0 0 0 0 0 0 0 0 0 0 0 0 0 0 0 0 0 0 0 0 0 0 0 0 
0 0 0 0 0 0 0 0 0 0 0 0 0 0 0 0 0 0 0 0 0 0 0 0 0 0 0 0 0 0 0 0 0 0 0 0 0 0 0 0 0 0 0 0 0 0 0 0 0 0 
0 0 0 0 0 0 0 0 0 0 0 0 0 0 0 0 0 0 0 0 0 0 0 0 0 0 0 0 0 0 0 0 0 0 0 0 0 0 0 0 0 0 0 0 0 0 0 0 0 0 
0 0 0 0 0 0 0 0 0 0 0 0 0 0 0 0 0 0 0 0 0 0 0 0 0 0 0 0 0 0 0 0 0 0 0 0 0 0 0 0 0 0 0 0 0 0 0 0 0 0 
0 0 0 0 0 0 0 0 0 0 0 0 0 0 0 0 0 0 0 0 0 0 0 0 0 0 0 0 0 0 0 0 0 0 0 0 0 0 0 0 0 0 0 0 0 0 0 0 0 0 
0 0 0 0 0 0 0 0 0 0 0 0 0 0 0 0 0 0 0 0 0 0 0 0 0 0 0 0 0 0 0 0 0 0 0 0 0 0 0 0 0 0 0 0 0 0 0 0 0 0 
0 0 0 0 0 0 0 0 0 0 0 0 0 0 0 0 0 0 0 0 0 0 0 0 0 0 0 0 0 0 0 0 0 0 0 0 0 0 0 0 0 0 0 0 0 0 0 0 0 0 
0 0 0 0 0 0 0 0 0 0 0 0 0 0 0 0 0 0 0 0 0 0 0 0 0 0 0 0 0 0 0 0 0 0 0 0 0 0 0 0 0 0 0 0 0 0 0 0 0 0 
0 0 0 0 0 0 0 0 0 0 0 0 0 0 0 0 0 0 0 0 0 0 0 0 0 0 0 0 0 0 0 0 18 18 18 0 0 0 0 0 0 0 0 0 0 0 0 0 0 0 
0 0 0 0 0 0 0 0 0 0 0 0 0 0 0 0 0 0 0 0 0 0 0 0 18 18 18 0 0 0 0 13 19 19 19 12 0 0 0 0 0 0 0 0 0 0 0 0 0 0 
0 0 0 0 0 0 0 0 0 0 0 0 0 0 0 0 0 0 0 0 0 0 0 10 19 19 19 22 0 0 13 19 19 19 19 19 9 0 0 0 0 0 0 0 0 0 0 0 0 0 
0 0 0 0 0 0 0 0 0 0 0 0 0 0 0 0 0 20 5 4 6 22 0 10 19 19 19 22 0 20 19 19 19 19 19 19 9 0 0 0 0 0 0 0 0 0 0 0 0 0 
0 0 0 0 20 5 2 2 2 2 6 7 0 0 0 0 0 13 19 19 19 12 0 10 19 19 19 22 0 13 19 19 19 19 19 19 9 0 0 20 3 3 3 3 6 7 0 0 0 0 
0 0 0 18 13 19 1 19 19 19 19 12 0 0 0 0 13 19 19 19 19 19 9 10 19 19 19 12 13 19 19 19 19 19 19 19 9 0 0 10 19 19 19 19 19 12 0 0 0 0 
0 0 10 19 1 19 19 19 1 19 1 19 9 0 0 10 19 19 19 19 19 19 12 13 19 19 19 19 19 19 19 19 19 19 19 19 9 0 0 10 1 19 19 19 19 19 12 0 0 0 
0 0 10 19 19 1 19 19 19 19 19 19 9 0 0 10 19 19 19 19 19 19 19 19 19 19 19 19 19 19 19 1 19 19 19 19 9 0 0 10 19 19 19 19 19 1 19 7 0 0 
0 0 10 19 19 19 19 1 19 1 19 1 9 0 0 10 19 19 19 19 19 19 19 19 19 19 19 19 19 19 19 19 19 19 19 19 9 0 0 10 19 19 1 19 19 19 19 7 0 0 
0 0 10 19 19 1 19 19 19 19 19 15 0 0 0 16 11 11 11 11 11 11 11 14 19 19 19 15 11 11 11 11 11 11 11 11 17 0 0 10 19 19 1 19 19 19 19 7 0 0 
0 0 10 19 19 19 19 19 19 15 11 0 0 0 0 0 0 0 0 0 0 0 0 10 2 1 2 22 0 0 0 0 0 0 0 0 0 0 0 10 19 19 19 19 19 19 19 7 0 0 
0 0 10 19 19 19 15 11 11 0 0 0 0 0 0 0 0 0 0 0 0 0 0 10 19 19 19 9 0 0 0 0 0 0 0 0 0 0 0 16 11 11 11 14 19 19 19 7 0 0 
0 0 20 19 19 19 22 0 0 0 0 0 0 0 0 0 20 5 2 4 2 2 2 6 19 19 19 5 2 2 2 6 7 0 0 0 0 0 0 0 0 0 0 10 19 19 19 9 0 0 
0 0 20 19 1 19 22 0 0 0 0 0 0 0 0 0 13 1 19 19 19 19 19 19 19 19 19 19 19 19 19 19 12 18 0 0 0 0 0 0 0 0 0 10 19 19 19 9 0 0 
0 0 20 1 19 19 22 0 0 0 0 0 0 0 0 10 19 19 19 19 19 1 19 1 1 19 19 19 1 1 19 19 19 19 12 18 0 0 0 0 0 0 0 10 19 19 19 9 0 0 
0 0 20 19 19 19 22 0 0 0 0 0 0 0 0 20 19 1 19 19 19 19 19 19 19 19 19 19 19 19 19 19 19 19 19 19 9 0 0 0 0 0 0 10 19 1 19 9 0 0 
0 0 20 19 19 19 5 2 2 2 2 2 2 2 2 6 19 19 19 1 1 15 11 14 19 19 19 15 11 11 11 14 19 19 1 19 5 3 3 3 3 3 3 6 19 19 19 9 0 0 
0 0 20 19 19 19 19 1 19 19 19 19 19 1 19 19 19 19 19 1 15 0 0 10 19 1 19 9 0 0 0 10 19 19 19 1 19 19 19 19 19 19 19 19 19 19 19 9 0 0 
0 0 20 19 1 19 19 19 19 19 19 19 19 19 19 19 1 19 19 15 0 0 0 10 19 19 19 9 0 0 0 10 19 19 19 19 19 19 19 19 1 19 19 19 19 1 15 17 0 0 
0 0 20 19 19 19 19 19 19 1 19 19 19 19 19 19 1 19 19 9 0 0 0 10 19 19 19 9 0 0 0 16 14 1 19 19 19 19 19 19 19 19 19 19 19 15 17 0 0 0 
0 0 16 11 11 11 11 11 11 11 11 11 11 11 11 11 11 11 11 17 0 0 0 10 19 19 19 9 0 0 0 0 16 11 11 11 11 11 11 11 11 11 11 11 11 17 0 0 0 0 
0 0 0 0 0 0 0 0 0 0 0 0 0 0 0 0 0 0 0 0 0 0 0 10 19 1 19 9 0 0 0 0 0 0 0 0 0 0 0 0 0 0 0 0 0 0 0 0 0 0 
0 0 0 0 0 0 0 0 0 0 0 0 0 0 0 0 0 0 0 0 0 0 0 10 19 19 19 9 0 0 0 0 0 0 0 0 0 0 0 0 0 0 0 0 0 0 0 0 0 0 
0 0 0 0 0 0 0 0 0 0 0 0 0 0 0 0 0 0 0 0 0 0 0 10 19 19 19 9 0 0 0 0 0 0 0 0 0 0 0 0 0 0 0 0 0 0 0 0 0 0 
0 0 0 0 0 0 0 0 0 0 0 0 0 0 0 0 0 0 0 0 0 0 0 16 11 11 11 17 0 0 0 0 0 0 0 0 0 0 0 0 0 0 0 0 0 0 0 0 0 0 
